0
0.473934
0.947867
1.4218
1.89573
2.36967
2.8436
3.31754
3.79147
4.2654
4.73934
5.21327
5.6872
6.16114
6.63507
7.109
7.58294
8.05687
8.53081
9.00474
9.47867
9.95261
10.4265
10.9005
11.3744
11.8483
12.3223
12.7962
13.2701
13.7441
14.218
14.6919
15.1659
15.6398
16.1137
16.5877
17.0616
17.5355
18.0095
18.4834
18.9573
19.4313
19.9052
20.3791
20.8531
21.327
21.8009
22.2749
22.7488
23.2227
23.6967
24.1706
24.6446
25.1185
25.5924
26.0664
26.5403
27.0142
27.4882
27.9621
28.436
28.91
29.3839
29.8578
30.3318
30.8057
31.2796
31.7536
32.2275
32.7014
33.1754
33.6493
34.1232
34.5972
35.0711
35.545
36.019
36.4929
36.9668
37.4408
37.9147
38.3886
38.8626
39.3365
39.8104
40.2844
40.7583
41.2322
41.7062
42.1801
42.654
43.128
43.6019
44.0758
44.5498
45.0237
45.4976
45.9716
46.4455
46.9194
